   0.00000        0.00000
   0.00100        0.00300
   0.00200        0.00601
   0.00300        0.00901
   0.00400        0.01201
   0.00501        0.01501
   0.00601        0.01802
   0.00701        0.02102
   0.00801        0.02402
   0.00901        0.02703
   0.01001        0.03003
   0.01101        0.03303
   0.01201        0.03604
   0.01301        0.03904
   0.01401        0.04204
   0.01502        0.04504
   0.01602        0.04805
   0.01702        0.05105
   0.01802        0.05405
   0.01902        0.05706
   0.02002        0.06006
   0.02102        0.06306
   0.02202        0.06606
   0.02302        0.06907
   0.02402        0.07207
   0.02503        0.07507
   0.02603        0.07808
   0.02703        0.08108
   0.02803        0.08408
   0.02903        0.08708
   0.03003        0.09009
   0.03103        0.09309
   0.03203        0.09609
   0.03303        0.09909
   0.03403        0.10210
   0.03504        0.10510
   0.03604        0.10810
   0.03704        0.11110
   0.03804        0.11410
   0.03904        0.11711
   0.04004        0.12011
   0.04104        0.12311
   0.04204        0.12611
   0.04304        0.12912
   0.04404        0.13212
   0.04505        0.13512
   0.04605        0.13812
   0.04705        0.14112
   0.04805        0.14413
   0.04905        0.14713
   0.05005        0.15013
   0.05105        0.15313
   0.05205        0.15613
   0.05305        0.15913
   0.05405        0.16214
   0.05506        0.16514
   0.05606        0.16814
   0.05706        0.17114
   0.05806        0.17414
   0.05906        0.17714
   0.06006        0.18014
   0.06106        0.18315
   0.06206        0.18615
   0.06306        0.18915
   0.06406        0.19215
   0.06507        0.19515
   0.06607        0.19815
   0.06707        0.20115
   0.06807        0.20415
   0.06907        0.20715
   0.07007        0.21015
   0.07107        0.21315
   0.07207        0.21615
   0.07307        0.21915
   0.07407        0.22215
   0.07508        0.22515
   0.07608        0.22815
   0.07708        0.23115
   0.07808        0.23415
   0.07908        0.23715
   0.08008        0.24015
   0.08108        0.24315
   0.08208        0.24615
   0.08308        0.24915
   0.08408        0.25215
   0.08509        0.25515
   0.08609        0.25815
   0.08709        0.26115
   0.08809        0.26415
   0.08909        0.26715
   0.09009        0.27015
   0.09109        0.27315
   0.09209        0.27615
   0.09309        0.27914
   0.09409        0.28214
   0.09510        0.28514
   0.09610        0.28814
   0.09710        0.29114
   0.09810        0.29414
   0.09910        0.29714
   0.10010        0.30013
   0.10110        0.30313
   0.10210        0.30613
   0.10310        0.30913
   0.10410        0.31212
   0.10511        0.31512
   0.10611        0.31812
   0.10711        0.32112
   0.10811        0.32411
   0.10911        0.32711
   0.11011        0.33011
   0.11111        0.33310
   0.11211        0.33610
   0.11311        0.33910
   0.11411        0.34209
   0.11512        0.34509
   0.11612        0.34809
   0.11712        0.35108
   0.11812        0.35408
   0.11912        0.35708
   0.12012        0.36007
   0.12112        0.36307
   0.12212        0.36606
   0.12312        0.36906
   0.12412        0.37205
   0.12513        0.37505
   0.12613        0.37804
   0.12713        0.38104
   0.12813        0.38403
   0.12913        0.38703
   0.13013        0.39002
   0.13113        0.39302
   0.13213        0.39601
   0.13313        0.39901
   0.13413        0.40200
   0.13514        0.40499
   0.13614        0.40799
   0.13714        0.41098
   0.13814        0.41398
   0.13914        0.41697
   0.14014        0.41996
   0.14114        0.42296
   0.14214        0.42595
   0.14314        0.42894
   0.14414        0.43193
   0.14515        0.43493
   0.14615        0.43792
   0.14715        0.44091
   0.14815        0.44390
   0.14915        0.44690
   0.15015        0.44989
   0.15115        0.45288
   0.15215        0.45587
   0.15315        0.45886
   0.15415        0.46185
   0.15516        0.46484
   0.15616        0.46783
   0.15716        0.47083
   0.15816        0.47382
   0.15916        0.47681
   0.16016        0.47980
   0.16116        0.48279
   0.16216        0.48578
   0.16316        0.48877
   0.16416        0.49176
   0.16517        0.49475
   0.16617        0.49773
   0.16717        0.50072
   0.16817        0.50371
   0.16917        0.50670
   0.17017        0.50969
   0.17117        0.51268
   0.17217        0.51567
   0.17317        0.51866
   0.17417        0.52164
   0.17518        0.52463
   0.17618        0.52762
   0.17718        0.53061
   0.17818        0.53359
   0.17918        0.53658
   0.18018        0.53957
   0.18118        0.54255
   0.18218        0.54554
   0.18318        0.54853
   0.18418        0.55151
   0.18519        0.55450
   0.18619        0.55748
   0.18719        0.56047
   0.18819        0.56346
   0.18919        0.56644
   0.19019        0.56943
   0.19119        0.57241
   0.19219        0.57540
   0.19319        0.57838
   0.19419        0.58136
   0.19520        0.58435
   0.19620        0.58733
   0.19720        0.59032
   0.19820        0.59330
   0.19920        0.59628
   0.20020        0.59927
   0.20120        0.60225
   0.20220        0.60523
   0.20320        0.60821
   0.20420        0.61120
   0.20521        0.61418
   0.20621        0.61716
   0.20721        0.62014
   0.20821        0.62312
   0.20921        0.62610
   0.21021        0.62909
   0.21121        0.63207
   0.21221        0.63505
   0.21321        0.63803
   0.21421        0.64101
   0.21522        0.64399
   0.21622        0.64697
   0.21722        0.64995
   0.21822        0.65293
   0.21922        0.65591
   0.22022        0.65889
   0.22122        0.66186
   0.22222        0.66484
   0.22322        0.66782
   0.22422        0.67080
   0.22523        0.67378
   0.22623        0.67675
   0.22723        0.67973
   0.22823        0.68271
   0.22923        0.68569
   0.23023        0.68866
   0.23123        0.69164
   0.23223        0.69461
   0.23323        0.69759
   0.23423        0.70057
   0.23524        0.70354
   0.23624        0.70652
   0.23724        0.70949
   0.23824        0.71247
   0.23924        0.71544
   0.24024        0.71842
   0.24124        0.72139
   0.24224        0.72436
   0.24324        0.72734
   0.24424        0.73031
   0.24525        0.73328
   0.24625        0.73626
   0.24725        0.73923
   0.24825        0.74220
   0.24925        0.74518
   0.25025        0.74815
   0.25125        0.75112
   0.25225        0.75409
   0.25325        0.75706
   0.25425        0.76003
   0.25526        0.76300
   0.25626        0.76597
   0.25726        0.76894
   0.25826        0.77191
   0.25926        0.77488
   0.26026        0.77785
   0.26126        0.78082
   0.26226        0.78379
   0.26326        0.78676
   0.26426        0.78973
   0.26527        0.79270
   0.26627        0.79566
   0.26727        0.79863
   0.26827        0.80160
   0.26927        0.80457
   0.27027        0.80753
   0.27127        0.81050
   0.27227        0.81347
   0.27327        0.81643
   0.27427        0.81940
   0.27528        0.82236
   0.27628        0.82533
   0.27728        0.82829
   0.27828        0.83126
   0.27928        0.83422
   0.28028        0.83719
   0.28128        0.84015
   0.28228        0.84311
   0.28328        0.84608
   0.28428        0.84904
   0.28529        0.85200
   0.28629        0.85496
   0.28729        0.85793
   0.28829        0.86089
   0.28929        0.86385
   0.29029        0.86681
   0.29129        0.86977
   0.29229        0.87273
   0.29329        0.87569
   0.29429        0.87865
   0.29530        0.88161
   0.29630        0.88457
   0.29730        0.88753
   0.29830        0.89049
   0.29930        0.89345
   0.30030        0.89641
   0.30130        0.89937
   0.30230        0.90232
   0.30330        0.90528
   0.30430        0.90824
   0.30531        0.91119
   0.30631        0.91415
   0.30731        0.91711
   0.30831        0.92006
   0.30931        0.92302
   0.31031        0.92597
   0.31131        0.92893
   0.31231        0.93188
   0.31331        0.93484
   0.31431        0.93779
   0.31532        0.94075
   0.31632        0.94370
   0.31732        0.94665
   0.31832        0.94961
   0.31932        0.95256
   0.32032        0.95551
   0.32132        0.95846
   0.32232        0.96141
   0.32332        0.96437
   0.32432        0.96732
   0.32533        0.97027
   0.32633        0.97322
   0.32733        0.97617
   0.32833        0.97912
   0.32933        0.98207
   0.33033        0.98502
   0.33133        0.98796
   0.33233        0.99091
   0.33333        0.99386
   0.33433        0.99681
   0.33534        0.99976
   0.33634        1.00270
   0.33734        1.00565
   0.33834        1.00860
   0.33934        1.01154
   0.34034        1.01449
   0.34134        1.01743
   0.34234        1.02038
   0.34334        1.02332
   0.34434        1.02627
   0.34535        1.02921
   0.34635        1.03216
   0.34735        1.03510
   0.34835        1.03804
   0.34935        1.04099
   0.35035        1.04393
   0.35135        1.04687
   0.35235        1.04981
   0.35335        1.05275
   0.35435        1.05569
   0.35536        1.05863
   0.35636        1.06157
   0.35736        1.06451
   0.35836        1.06745
   0.35936        1.07039
   0.36036        1.07333
   0.36136        1.07627
   0.36236        1.07921
   0.36336        1.08215
   0.36436        1.08508
   0.36537        1.08802
   0.36637        1.09096
   0.36737        1.09389
   0.36837        1.09683
   0.36937        1.09977
   0.37037        1.10270
   0.37137        1.10564
   0.37237        1.10857
   0.37337        1.11151
   0.37437        1.11444
   0.37538        1.11737
   0.37638        1.12031
   0.37738        1.12324
   0.37838        1.12617
   0.37938        1.12910
   0.38038        1.13203
   0.38138        1.13497
   0.38238        1.13790
   0.38338        1.14083
   0.38438        1.14376
   0.38539        1.14669
   0.38639        1.14962
   0.38739        1.15255
   0.38839        1.15547
   0.38939        1.15840
   0.39039        1.16133
   0.39139        1.16426
   0.39239        1.16718
   0.39339        1.17011
   0.39439        1.17304
   0.39540        1.17596
   0.39640        1.17889
   0.39740        1.18181
   0.39840        1.18474
   0.39940        1.18766
   0.40040        1.19059
   0.40140        1.19351
   0.40240        1.19643
   0.40340        1.19936
   0.40440        1.20228
   0.40541        1.20520
   0.40641        1.20812
   0.40741        1.21105
   0.40841        1.21397
   0.40941        1.21689
   0.41041        1.21981
   0.41141        1.22273
   0.41241        1.22565
   0.41341        1.22856
   0.41441        1.23148
   0.41542        1.23440
   0.41642        1.23732
   0.41742        1.24024
   0.41842        1.24315
   0.41942        1.24607
   0.42042        1.24899
   0.42142        1.25190
   0.42242        1.25482
   0.42342        1.25773
   0.42442        1.26065
   0.42543        1.26356
   0.42643        1.26647
   0.42743        1.26939
   0.42843        1.27230
   0.42943        1.27521
   0.43043        1.27812
   0.43143        1.28103
   0.43243        1.28395
   0.43343        1.28686
   0.43443        1.28977
   0.43544        1.29268
   0.43644        1.29559
   0.43744        1.29849
   0.43844        1.30140
   0.43944        1.30431
   0.44044        1.30722
   0.44144        1.31013
   0.44244        1.31303
   0.44344        1.31594
   0.44444        1.31885
   0.44545        1.32175
   0.44645        1.32466
   0.44745        1.32756
   0.44845        1.33046
   0.44945        1.33337
   0.45045        1.33627
   0.45145        1.33917
   0.45245        1.34208
   0.45345        1.34498
   0.45445        1.34788
   0.45546        1.35078
   0.45646        1.35368
   0.45746        1.35658
   0.45846        1.35948
   0.45946        1.36238
   0.46046        1.36528
   0.46146        1.36818
   0.46246        1.37108
   0.46346        1.37398
   0.46446        1.37687
   0.46547        1.37977
   0.46647        1.38267
   0.46747        1.38556
   0.46847        1.38846
   0.46947        1.39135
   0.47047        1.39425
   0.47147        1.39714
   0.47247        1.40003
   0.47347        1.40293
   0.47447        1.40582
   0.47548        1.40871
   0.47648        1.41160
   0.47748        1.41450
   0.47848        1.41739
   0.47948        1.42028
   0.48048        1.42317
   0.48148        1.42606
   0.48248        1.42894
   0.48348        1.43183
   0.48448        1.43472
   0.48549        1.43761
   0.48649        1.44050
   0.48749        1.44338
   0.48849        1.44627
   0.48949        1.44915
   0.49049        1.45204
   0.49149        1.45492
   0.49249        1.45781
   0.49349        1.46069
   0.49449        1.46358
   0.49550        1.46646
   0.49650        1.46934
   0.49750        1.47222
   0.49850        1.47510
   0.49950        1.47799
   0.50050        1.48087
   0.50150        1.48375
   0.50250        1.48663
   0.50350        1.48950
   0.50450        1.49238
   0.50551        1.49526
   0.50651        1.49814
   0.50751        1.50102
   0.50851        1.50389
   0.50951        1.50677
   0.51051        1.50964
   0.51151        1.51252
   0.51251        1.51539
   0.51351        1.51827
   0.51451        1.52114
   0.51552        1.52401
   0.51652        1.52689
   0.51752        1.52976
   0.51852        1.53263
   0.51952        1.53550
   0.52052        1.53837
   0.52152        1.54124
   0.52252        1.54411
   0.52352        1.54698
   0.52452        1.54985
   0.52553        1.55272
   0.52653        1.55559
   0.52753        1.55845
   0.52853        1.56132
   0.52953        1.56419
   0.53053        1.56705
   0.53153        1.56992
   0.53253        1.57278
   0.53353        1.57565
   0.53453        1.57851
   0.53554        1.58137
   0.53654        1.58424
   0.53754        1.58710
   0.53854        1.58996
   0.53954        1.59282
   0.54054        1.59568
   0.54154        1.59854
   0.54254        1.60140
   0.54354        1.60426
   0.54454        1.60712
   0.54555        1.60998
   0.54655        1.61283
   0.54755        1.61569
   0.54855        1.61855
   0.54955        1.62140
   0.55055        1.62426
   0.55155        1.62711
   0.55255        1.62997
   0.55355        1.63282
   0.55455        1.63567
   0.55556        1.63853
   0.55656        1.64138
   0.55756        1.64423
   0.55856        1.64708
   0.55956        1.64993
   0.56056        1.65278
   0.56156        1.65563
   0.56256        1.65848
   0.56356        1.66133
   0.56456        1.66418
   0.56557        1.66702
   0.56657        1.66987
   0.56757        1.67272
   0.56857        1.67556
   0.56957        1.67841
   0.57057        1.68125
   0.57157        1.68410
   0.57257        1.68694
   0.57357        1.68978
   0.57457        1.69263
   0.57558        1.69547
   0.57658        1.69831
   0.57758        1.70115
   0.57858        1.70399
   0.57958        1.70683
   0.58058        1.70967
   0.58158        1.71251
   0.58258        1.71535
   0.58358        1.71819
   0.58458        1.72102
   0.58559        1.72386
   0.58659        1.72669
   0.58759        1.72953
   0.58859        1.73236
   0.58959        1.73520
   0.59059        1.73803
   0.59159        1.74087
   0.59259        1.74370
   0.59359        1.74653
   0.59459        1.74936
   0.59560        1.75219
   0.59660        1.75502
   0.59760        1.75785
   0.59860        1.76068
   0.59960        1.76351
   0.60060        1.76634
   0.60160        1.76917
   0.60260        1.77199
   0.60360        1.77482
   0.60460        1.77765
   0.60561        1.78047
   0.60661        1.78330
   0.60761        1.78612
   0.60861        1.78894
   0.60961        1.79177
   0.61061        1.79459
   0.61161        1.79741
   0.61261        1.80023
   0.61361        1.80305
   0.61461        1.80587
   0.61562        1.80869
   0.61662        1.81151
   0.61762        1.81433
   0.61862        1.81715
   0.61962        1.81996
   0.62062        1.82278
   0.62162        1.82560
   0.62262        1.82841
   0.62362        1.83123
   0.62462        1.83404
   0.62563        1.83686
   0.62663        1.83967
   0.62763        1.84248
   0.62863        1.84529
   0.62963        1.84810
   0.63063        1.85092
   0.63163        1.85373
   0.63263        1.85654
   0.63363        1.85934
   0.63463        1.86215
   0.63564        1.86496
   0.63664        1.86777
   0.63764        1.87057
   0.63864        1.87338
   0.63964        1.87619
   0.64064        1.87899
   0.64164        1.88179
   0.64264        1.88460
   0.64364        1.88740
   0.64464        1.89020
   0.64565        1.89301
   0.64665        1.89581
   0.64765        1.89861
   0.64865        1.90141
   0.64965        1.90421
   0.65065        1.90701
   0.65165        1.90980
   0.65265        1.91260
   0.65365        1.91540
   0.65465        1.91819
   0.65566        1.92099
   0.65666        1.92379
   0.65766        1.92658
   0.65866        1.92937
   0.65966        1.93217
   0.66066        1.93496
   0.66166        1.93775
   0.66266        1.94054
   0.66366        1.94333
   0.66466        1.94612
   0.66567        1.94891
   0.66667        1.95170
   0.66767        1.95449
   0.66867        1.95728
   0.66967        1.96007
   0.67067        1.96285
   0.67167        1.96564
   0.67267        1.96842
   0.67367        1.97121
   0.67467        1.97399
   0.67568        1.97678
   0.67668        1.97956
   0.67768        1.98234
   0.67868        1.98512
   0.67968        1.98790
   0.68068        1.99068
   0.68168        1.99346
   0.68268        1.99624
   0.68368        1.99902
   0.68468        2.00180
   0.68569        2.00458
   0.68669        2.00735
   0.68769        2.01013
   0.68869        2.01290
   0.68969        2.01568
   0.69069        2.01845
   0.69169        2.02122
   0.69269        2.02400
   0.69369        2.02677
   0.69469        2.02954
   0.69570        2.03231
   0.69670        2.03508
   0.69770        2.03785
   0.69870        2.04062
   0.69970        2.04339
   0.70070        2.04615
   0.70170        2.04892
   0.70270        2.05169
   0.70370        2.05445
   0.70470        2.05722
   0.70571        2.05998
   0.70671        2.06275
   0.70771        2.06551
   0.70871        2.06827
   0.70971        2.07103
   0.71071        2.07379
   0.71171        2.07655
   0.71271        2.07931
   0.71371        2.08207
   0.71471        2.08483
   0.71572        2.08759
   0.71672        2.09035
   0.71772        2.09310
   0.71872        2.09586
   0.71972        2.09861
   0.72072        2.10137
   0.72172        2.10412
   0.72272        2.10687
   0.72372        2.10963
   0.72472        2.11238
   0.72573        2.11513
   0.72673        2.11788
   0.72773        2.12063
   0.72873        2.12338
   0.72973        2.12613
   0.73073        2.12888
   0.73173        2.13162
   0.73273        2.13437
   0.73373        2.13711
   0.73473        2.13986
   0.73574        2.14260
   0.73674        2.14535
   0.73774        2.14809
   0.73874        2.15083
   0.73974        2.15358
   0.74074        2.15632
   0.74174        2.15906
   0.74274        2.16180
   0.74374        2.16454
   0.74474        2.16727
   0.74575        2.17001
   0.74675        2.17275
   0.74775        2.17548
   0.74875        2.17822
   0.74975        2.18095
   0.75075        2.18369
   0.75175        2.18642
   0.75275        2.18916
   0.75375        2.19189
   0.75475        2.19462
   0.75576        2.19735
   0.75676        2.20008
   0.75776        2.20281
   0.75876        2.20554
   0.75976        2.20827
   0.76076        2.21099
   0.76176        2.21372
   0.76276        2.21645
   0.76376        2.21917
   0.76476        2.22190
   0.76577        2.22462
   0.76677        2.22734
   0.76777        2.23007
   0.76877        2.23279
   0.76977        2.23551
   0.77077        2.23823
   0.77177        2.24095
   0.77277        2.24367
   0.77377        2.24639
   0.77477        2.24910
   0.77578        2.25182
   0.77678        2.25454
   0.77778        2.25725
   0.77878        2.25997
   0.77978        2.26268
   0.78078        2.26540
   0.78178        2.26811
   0.78278        2.27082
   0.78378        2.27353
   0.78478        2.27624
   0.78579        2.27895
   0.78679        2.28166
   0.78779        2.28437
   0.78879        2.28708
   0.78979        2.28978
   0.79079        2.29249
   0.79179        2.29520
   0.79279        2.29790
   0.79379        2.30061
   0.79479        2.30331
   0.79580        2.30601
   0.79680        2.30871
   0.79780        2.31142
   0.79880        2.31412
   0.79980        2.31682
   0.80080        2.31952
   0.80180        2.32221
   0.80280        2.32491
   0.80380        2.32761
   0.80480        2.33030
   0.80581        2.33300
   0.80681        2.33570
   0.80781        2.33839
   0.80881        2.34108
   0.80981        2.34378
   0.81081        2.34647
   0.81181        2.34916
   0.81281        2.35185
   0.81381        2.35454
   0.81481        2.35723
   0.81582        2.35992
   0.81682        2.36260
   0.81782        2.36529
   0.81882        2.36798
   0.81982        2.37066
   0.82082        2.37335
   0.82182        2.37603
   0.82282        2.37871
   0.82382        2.38140
   0.82482        2.38408
   0.82583        2.38676
   0.82683        2.38944
   0.82783        2.39212
   0.82883        2.39480
   0.82983        2.39748
   0.83083        2.40015
   0.83183        2.40283
   0.83283        2.40551
   0.83383        2.40818
   0.83483        2.41086
   0.83584        2.41353
   0.83684        2.41620
   0.83784        2.41887
   0.83884        2.42155
   0.83984        2.42422
   0.84084        2.42689
   0.84184        2.42955
   0.84284        2.43222
   0.84384        2.43489
   0.84484        2.43756
   0.84585        2.44022
   0.84685        2.44289
   0.84785        2.44555
   0.84885        2.44822
   0.84985        2.45088
   0.85085        2.45354
   0.85185        2.45620
   0.85285        2.45887
   0.85385        2.46153
   0.85485        2.46419
   0.85586        2.46684
   0.85686        2.46950
   0.85786        2.47216
   0.85886        2.47482
   0.85986        2.47747
   0.86086        2.48013
   0.86186        2.48278
   0.86286        2.48543
   0.86386        2.48809
   0.86486        2.49074
   0.86587        2.49339
   0.86687        2.49604
   0.86787        2.49869
   0.86887        2.50134
   0.86987        2.50398
   0.87087        2.50663
   0.87187        2.50928
   0.87287        2.51192
   0.87387        2.51457
   0.87487        2.51721
   0.87588        2.51986
   0.87688        2.52250
   0.87788        2.52514
   0.87888        2.52778
   0.87988        2.53042
   0.88088        2.53306
   0.88188        2.53570
   0.88288        2.53834
   0.88388        2.54098
   0.88488        2.54361
   0.88589        2.54625
   0.88689        2.54888
   0.88789        2.55152
   0.88889        2.55415
   0.88989        2.55678
   0.89089        2.55941
   0.89189        2.56204
   0.89289        2.56468
   0.89389        2.56730
   0.89489        2.56993
   0.89590        2.57256
   0.89690        2.57519
   0.89790        2.57781
   0.89890        2.58044
   0.89990        2.58306
   0.90090        2.58569
   0.90190        2.58831
   0.90290        2.59093
   0.90390        2.59356
   0.90490        2.59618
   0.90591        2.59880
   0.90691        2.60142
   0.90791        2.60403
   0.90891        2.60665
   0.90991        2.60927
   0.91091        2.61188
   0.91191        2.61450
   0.91291        2.61711
   0.91391        2.61973
   0.91491        2.62234
   0.91592        2.62495
   0.91692        2.62756
   0.91792        2.63017
   0.91892        2.63278
   0.91992        2.63539
   0.92092        2.63800
   0.92192        2.64061
   0.92292        2.64321
   0.92392        2.64582
   0.92492        2.64843
   0.92593        2.65103
   0.92693        2.65363
   0.92793        2.65624
   0.92893        2.65884
   0.92993        2.66144
   0.93093        2.66404
   0.93193        2.66664
   0.93293        2.66924
   0.93393        2.67183
   0.93493        2.67443
   0.93594        2.67703
   0.93694        2.67962
   0.93794        2.68222
   0.93894        2.68481
   0.93994        2.68740
   0.94094        2.68999
   0.94194        2.69259
   0.94294        2.69518
   0.94394        2.69777
   0.94494        2.70035
   0.94595        2.70294
   0.94695        2.70553
   0.94795        2.70812
   0.94895        2.71070
   0.94995        2.71329
   0.95095        2.71587
   0.95195        2.71845
   0.95295        2.72104
   0.95395        2.72362
   0.95495        2.72620
   0.95596        2.72878
   0.95696        2.73136
   0.95796        2.73393
   0.95896        2.73651
   0.95996        2.73909
   0.96096        2.74166
   0.96196        2.74424
   0.96296        2.74681
   0.96396        2.74939
   0.96496        2.75196
   0.96597        2.75453
   0.96697        2.75710
   0.96797        2.75967
   0.96897        2.76224
   0.96997        2.76481
   0.97097        2.76738
   0.97197        2.76994
   0.97297        2.77251
   0.97397        2.77507
   0.97497        2.77764
   0.97598        2.78020
   0.97698        2.78276
   0.97798        2.78533
   0.97898        2.78789
   0.97998        2.79045
   0.98098        2.79301
   0.98198        2.79556
   0.98298        2.79812
   0.98398        2.80068
   0.98498        2.80323
   0.98599        2.80579
   0.98699        2.80834
   0.98799        2.81090
   0.98899        2.81345
   0.98999        2.81600
   0.99099        2.81855
   0.99199        2.82110
   0.99299        2.82365
   0.99399        2.82620
   0.99499        2.82875
   0.99600        2.83129
   0.99700        2.83384
   0.99800        2.83638
   0.99900        2.83893
   1.00000        2.84147
