    0.0000         0.0000         0.0000
    3.6000         0.0628         0.0039
    7.2000         0.1253         0.0157
   10.8000         0.1874         0.0351
   14.4000         0.2487         0.0618
   18.0000         0.3090         0.0955
   21.6000         0.3681         0.1355
   25.2000         0.4258         0.1813
   28.8000         0.4818         0.2321
   32.4000         0.5358         0.2871
   36.0000         0.5878         0.3455
   39.6000         0.6374         0.4063
   43.2000         0.6845         0.4686
   46.8000         0.7290         0.5314
   50.4000         0.7705         0.5937
   54.0000         0.8090         0.6545
   57.6000         0.8443         0.7129
   61.2000         0.8763         0.7679
   64.8000         0.9048         0.8187
   68.4000         0.9298         0.8645
   72.0000         0.9511         0.9045
   75.6000         0.9686         0.9382
   79.2000         0.9823         0.9649
   82.8000         0.9921         0.9843
   86.4000         0.9980         0.9961
   90.0000         1.0000         1.0000
   93.6000         0.9980         0.9961
   97.2000         0.9921         0.9843
  100.8000         0.9823         0.9649
  104.4000         0.9686         0.9382
  108.0000         0.9511         0.9045
  111.6000         0.9298         0.8645
  115.2000         0.9048         0.8187
  118.8000         0.8763         0.7679
  122.4000         0.8443         0.7129
  126.0000         0.8090         0.6545
  129.6000         0.7705         0.5937
  133.2000         0.7290         0.5314
  136.8000         0.6845         0.4686
  140.4000         0.6374         0.4063
  144.0000         0.5878         0.3455
  147.6000         0.5358         0.2871
  151.2000         0.4818         0.2321
  154.8000         0.4258         0.1813
  158.4000         0.3681         0.1355
  162.0000         0.3090         0.0955
  165.6000         0.2487         0.0618
  169.2000         0.1874         0.0351
  172.8000         0.1253         0.0157
  176.4000         0.0628         0.0039
  180.0000        -0.0000         0.0000
  183.6000        -0.0628         0.0039
  187.2000        -0.1253         0.0157
  190.8000        -0.1874         0.0351
  194.4000        -0.2487         0.0618
  198.0000        -0.3090         0.0955
  201.6000        -0.3681         0.1355
  205.2000        -0.4258         0.1813
  208.8000        -0.4818         0.2321
  212.4000        -0.5358         0.2871
  216.0000        -0.5878         0.3455
  219.6000        -0.6374         0.4063
  223.2000        -0.6845         0.4686
  226.8000        -0.7290         0.5314
  230.4000        -0.7705         0.5937
  234.0000        -0.8090         0.6545
  237.6000        -0.8443         0.7129
  241.2000        -0.8763         0.7679
  244.8000        -0.9048         0.8187
  248.4000        -0.9298         0.8645
  252.0000        -0.9511         0.9045
  255.6000        -0.9686         0.9382
  259.2000        -0.9823         0.9649
  262.8000        -0.9921         0.9843
  266.4000        -0.9980         0.9961
  270.0000        -1.0000         1.0000
  273.6000        -0.9980         0.9961
  277.2000        -0.9921         0.9843
  280.8000        -0.9823         0.9649
  284.4000        -0.9686         0.9382
  288.0000        -0.9511         0.9045
  291.6000        -0.9298         0.8645
  295.2000        -0.9048         0.8187
  298.8000        -0.8763         0.7679
  302.4000        -0.8443         0.7129
  306.0000        -0.8090         0.6545
  309.6000        -0.7705         0.5937
  313.2000        -0.7290         0.5314
  316.8000        -0.6845         0.4686
  320.4000        -0.6374         0.4063
  324.0000        -0.5878         0.3455
  327.6000        -0.5358         0.2871
  331.2000        -0.4818         0.2321
  334.8000        -0.4258         0.1813
  338.4000        -0.3681         0.1355
  342.0000        -0.3090         0.0955
  345.6000        -0.2487         0.0618
  349.2000        -0.1874         0.0351
  352.8000        -0.1253         0.0157
  356.4000        -0.0628         0.0039
  360.0000         0.0000         0.0000
