                  0.0000000000                       0.6248129299
                  4.0000000000                       0.6431037406
                  8.0000000000                       0.6609911589
                 12.0000000000                       0.6784633038
                 16.0000000000                       0.6955086599
                 20.0000000000                       0.7121160709
                 24.0000000000                       0.7282747338
                 28.0000000000                       0.7439741935
                 32.0000000000                       0.7592043387
                 36.0000000000                       0.7739553982
                 40.0000000000                       0.7882179385
                 44.0000000000                       0.8019828629
                 48.0000000000                       0.8152414109
                 52.0000000000                       0.8279851591
                 56.0000000000                       0.8402060222
                 60.0000000000                       0.8518962549
                 64.0000000000                       0.8630484547
                 68.0000000000                       0.8736555641
                 72.0000000000                       0.8837108741
                 76.0000000000                       0.8932080270
                 80.0000000000                       0.9021410196
                 84.0000000000                       0.9105042066
                 88.0000000000                       0.9182923036
                 92.0000000000                       0.9255003900
                 96.0000000000                       0.9321239122
                100.0000000000                       0.9381586859
                104.0000000000                       0.9436008991
                108.0000000000                       0.9484471141
                112.0000000000                       0.9526942699
                116.0000000000                       0.9563396836
                120.0000000000                       0.9593810527
                124.0000000000                       0.9618164563
                128.0000000000                       0.9636443559
                132.0000000000                       0.9648635971
                136.0000000000                       0.9654734098
                140.0000000000                       0.9654734087
                144.0000000000                       0.9648635939
                148.0000000000                       0.9636443506
                152.0000000000                       0.9618164488
                156.0000000000                       0.9593810430
                160.0000000000                       0.9563396716
                164.0000000000                       0.9526942556
                168.0000000000                       0.9484470974
                172.0000000000                       0.9436008796
                176.0000000000                       0.9381586633
                180.0000000000                       0.9321238858
                184.0000000000                       0.9255003589
                188.0000000000                       0.9182922660
                192.0000000000                       0.9105041601
                196.0000000000                       0.9021409602
                200.0000000000                       0.8932079487
                204.0000000000                       0.8837107678
                208.0000000000                       0.8736554163
                212.0000000000                       0.8630482452
                216.0000000000                       0.8518959544
                220.0000000000                       0.8402055878
                224.0000000000                       0.8279845293
                228.0000000000                       0.8152404980
                232.0000000000                       0.8019815433
                236.0000000000                       0.7882160398
                240.0000000000                       0.7739526822
                244.0000000000                       0.7592004794
                248.0000000000                       0.7439687493
                252.0000000000                       0.7282671126
                256.0000000000                       0.7121054867
                260.0000000000                       0.6954940797
                264.0000000000                       0.6784433837
                268.0000000000                       0.6609641684
                272.0000000000                       0.6430674738
                276.0000000000                       0.6247646040
                280.0000000000                       0.6060671195
                284.0000000000                       0.5869868300
                288.0000000000                       0.5675357871
                292.0000000000                       0.5477262763
                296.0000000000                       0.5275708098
                300.0000000000                       0.5070821183
                304.0000000000                       0.4862731429
                308.0000000000                       0.4651570269
                312.0000000000                       0.4437471077
                316.0000000000                       0.4220569083
                320.0000000000                       0.4001001287
                324.0000000000                       0.3778906373
                328.0000000000                       0.3554424621
                332.0000000000                       0.3327697818
                336.0000000000                       0.3098869169
                340.0000000000                       0.2868083208
                344.0000000000                       0.2635485704
                348.0000000000                       0.2401223570
                352.0000000000                       0.2165444773
                356.0000000000                       0.1928298234
                360.0000000000                       0.1689933740
                364.0000000000                       0.1450501848
                368.0000000000                       0.1210153788
                372.0000000000                       0.0969041368
                376.0000000000                       0.0727316882
                380.0000000000                       0.0485133006
                384.0000000000                       0.0242642710
                388.0000000000                      -0.0000000844
                392.0000000000                      -0.0242644398
                396.0000000000                      -0.0485134692
                400.0000000000                      -0.0727318565
                404.0000000000                      -0.0969043048
                408.0000000000                      -0.1210155463
                412.0000000000                      -0.1450503517
                416.0000000000                      -0.1689935402
                420.0000000000                      -0.1928299888
                424.0000000000                      -0.2165446418
                428.0000000000                      -0.2401225206
                432.0000000000                      -0.2635487328
                436.0000000000                      -0.2868084820
                440.0000000000                      -0.3098870768
                444.0000000000                      -0.3327699402
                448.0000000000                      -0.3554426191
                452.0000000000                      -0.3778907927
                456.0000000000                      -0.4001002824
                460.0000000000                      -0.4220570602
                464.0000000000                      -0.4437472576
                468.0000000000                      -0.4651571748
                472.0000000000                      -0.4862732887
                476.0000000000                      -0.5070822620
                480.0000000000                      -0.5275709512
                484.0000000000                      -0.5477264153
                488.0000000000                      -0.5675359236
                492.0000000000                      -0.5869869641
                496.0000000000                      -0.6060672510
                500.0000000000                      -0.6247647328
                504.0000000000                      -0.6430675997
                508.0000000000                      -0.6609642914
                512.0000000000                      -0.6784435039
                516.0000000000                      -0.6954941968
                520.0000000000                      -0.7121056007
                524.0000000000                      -0.7282672234
                528.0000000000                      -0.7439688569
                532.0000000000                      -0.7592005837
                536.0000000000                      -0.7739527831
                540.0000000000                      -0.7882161373
                544.0000000000                      -0.8019816373
                548.0000000000                      -0.8152405884
                552.0000000000                      -0.8279846161
                556.0000000000                      -0.8402056710
                560.0000000000                      -0.8518960339
                564.0000000000                      -0.8630483209
                568.0000000000                      -0.8736554882
                572.0000000000                      -0.8837108358
                576.0000000000                      -0.8932080128
                580.0000000000                      -0.9021410203
                584.0000000000                      -0.9105042163
                588.0000000000                      -0.9182923182
                592.0000000000                      -0.9255004070
                596.0000000000                      -0.9321239298
                600.0000000000                      -0.9381587032
                604.0000000000                      -0.9436009154
                608.0000000000                      -0.9484471290
                612.0000000000                      -0.9526942830
                616.0000000000                      -0.9563396949
                620.0000000000                      -0.9593810621
                624.0000000000                      -0.9618164636
                628.0000000000                      -0.9636443612
                632.0000000000                      -0.9648636003
                636.0000000000                      -0.9654734109
                640.0000000000                      -0.9654734077
                644.0000000000                      -0.9648635908
                648.0000000000                      -0.9636443453
                652.0000000000                      -0.9618164414
                656.0000000000                      -0.9593810337
                660.0000000000                      -0.9563396603
                664.0000000000                      -0.9526942423
                668.0000000000                      -0.9484470823
                672.0000000000                      -0.9436008630
                676.0000000000                      -0.9381586454
                680.0000000000                      -0.9321238673
                684.0000000000                      -0.9255003405
                688.0000000000                      -0.9182922492
                692.0000000000                      -0.9105041470
                696.0000000000                      -0.9021409540
                700.0000000000                      -0.8932079544
                704.0000000000                      -0.8837107931
                708.0000000000                      -0.8736554724
                712.0000000000                      -0.8630483491
                716.0000000000                      -0.8518961308
                720.0000000000                      -0.8402058730
                724.0000000000                      -0.8279849755
                728.0000000000                      -0.8152411798
                732.0000000000                      -0.8019825664
                736.0000000000                      -0.7882175523
                740.0000000000                      -0.7739548894
                744.0000000000                      -0.7592036636
                748.0000000000                      -0.7439732943
                752.0000000000                      -0.7282735352
                756.0000000000                      -0.7121144762
                760.0000000000                      -0.6955065456
                764.0000000000                      -0.6784605145
                768.0000000000                      -0.6609875013
                772.0000000000                      -0.6430989773
                776.0000000000                      -0.6248067724
                780.0000000000                      -0.6061230814
                784.0000000000                      -0.5870604689
                788.0000000000                      -0.5676318733
                792.0000000000                      -0.5478506076
                796.0000000000                      -0.5277303579
                800.0000000000                      -0.5072851760
                804.0000000000                      -0.4865294665
                808.0000000000                      -0.4654779676
                812.0000000000                      -0.4441457229
                816.0000000000                      -0.4225480448
                820.0000000000                      -0.4007004687
                824.0000000000                      -0.3786186984
                828.0000000000                      -0.3563185419
                832.0000000000                      -0.3338158410
                836.0000000000                      -0.3111263940
                840.0000000000                      -0.2882658760
                844.0000000000                      -0.2652497583
                848.0000000000                      -0.2420932308
                852.0000000000                      -0.2188111311
                856.0000000000                      -0.1954178834
                860.0000000000                      -0.1719274517
                864.0000000000                      -0.1483533086
                868.0000000000                      -0.1247084241
                872.0000000000                      -0.1010052748
                876.0000000000                      -0.0772558736
                880.0000000000                      -0.0534718206
                884.0000000000                      -0.0296643728
                888.0000000000                      -0.0058445283
                892.0000000000                       0.0179768753
                896.0000000000                       0.0417890567
                900.0000000000                       0.0655811833
                904.0000000000                       0.0893422664
                908.0000000000                       0.1130610638
                912.0000000000                       0.1367259947
                916.0000000000                       0.1603250701
                920.0000000000                       0.1838458426
                924.0000000000                       0.2072753757
                928.0000000000                       0.2306002353
                932.0000000000                       0.2538065008
                936.0000000000                       0.2768797957
                940.0000000000                       0.2998053350
                944.0000000000                       0.3225679861
                948.0000000000                       0.3451523393
                952.0000000000                       0.3675427861
                956.0000000000                       0.3897235990
                960.0000000000                       0.4116790117
                964.0000000000                       0.4333932958
                968.0000000000                       0.4548508319
                972.0000000000                       0.4760361731
                976.0000000000                       0.4969340995
                980.0000000000                       0.5175296648
                984.0000000000                       0.5378082320
                988.0000000000                       0.5577555014
                992.0000000000                       0.5773575307
                996.0000000000                       0.5966007471
               1000.0000000000                       0.6154719544
